x = 1;
y = 2;
z = 4;
e = 88;
f = 55;
